190.7613262	0.7711460045
191.2613262	0.7709517608
191.7613262	0.7707574014
192.2613262	0.7705629261
192.7613262	0.770368335
193.2613262	0.7701736282
193.7613262	0.7699788056
194.2613262	0.7697838673
194.7613262	0.7695888132
195.2613262	0.7693936434
195.7613262	0.769198358
196.2613262	0.7690029568
196.7613262	0.76880744
197.2613262	0.7686118075
197.7613262	0.7684160594
198.2613262	0.7682201957
198.7613262	0.7680242164
199.2613262	0.7678281215
199.7613262	0.767631911
200.2613262	0.767435585
200.7613262	0.7672391434
201.2613262	0.7670425863
201.7613262	0.7668459138
202.2613262	0.7666491257
202.7613262	0.7664522222
203.2613262	0.7662552032
203.7613262	0.7660580688
204.2613262	0.7658608189
204.7613262	0.7656634537
205.2613262	0.7654659731
205.7613262	0.7652683771
206.2613262	0.7650706659
206.7613262	0.7648728392
207.2613262	0.7646748973
207.7613262	0.7644768401
208.2613262	0.7642786676
208.7613262	0.7640803799
209.2613262	0.763881977
209.7613262	0.7636834589
210.2613262	0.7634848256
210.7613262	0.7632860771
211.2613262	0.7630872134
211.7613262	0.7628882347
212.2613262	0.7626891408
212.7613262	0.7624899319
213.2613262	0.7622906079
213.7613262	0.7620911688
214.2613262	0.7618916148
214.7613262	0.7616919457
215.2613262	0.7614921617
215.7613262	0.7612922627
216.2613262	0.7610922488
216.7613262	0.7608921199
217.2613262	0.7606918762
217.7613262	0.7604915176
218.2613262	0.7602910442
218.7613262	0.760090456
219.2613262	0.7598897529
219.7613262	0.7596889351
220.2613262	0.7594880025
220.7613262	0.7592869552
221.2613262	0.7590857932
221.7613262	0.7588845165
222.2613262	0.7586831252
222.7613262	0.7584816192
223.2613262	0.7582799986
223.7613262	0.7580782634
224.2613262	0.7578764137
224.7613262	0.7576744494
225.2613262	0.7574723707
225.7613262	0.7572701774
226.2613262	0.7570678697
226.7613262	0.7568654475
227.2613262	0.756662911
227.7613262	0.75646026
228.2613262	0.7562574947
228.7613262	0.7560546151
229.2613262	0.7558516211
229.7613262	0.7556485129
230.2613262	0.7554452904
230.7613262	0.7552419537
231.2613262	0.7550385028
231.7613262	0.7548349378
232.2613262	0.7546312586
232.7613262	0.7544274652
233.2613262	0.7542235578
233.7613262	0.7540195363
234.2613262	0.7538154008
234.7613262	0.7536111513
235.2613262	0.7534067878
235.7613262	0.7532023103
236.2613262	0.752997719
236.7613262	0.7527930137
237.2613262	0.7525881946
237.7613262	0.7523832616
238.2613262	0.7521782149
238.7613262	0.7519730543
239.2613262	0.75176778
239.7613262	0.751562392
240.2613262	0.7513568903
240.7613262	0.751151275
241.2613262	0.750945546
241.7613262	0.7507397035
242.2613262	0.7505337474
242.7613262	0.7503276777
243.2613262	0.7501214945
243.7613262	0.7499151979
244.2613262	0.7497087878
244.7613262	0.7495022643
245.2613262	0.7492956275
245.7613262	0.7490888773
246.2613262	0.7488820138
246.7613262	0.748675037
247.2613262	0.7484679469
247.7613262	0.7482607437
248.2613262	0.7480534272
248.7613262	0.7478459976
249.2613262	0.7476384549
249.7613262	0.7474307991
250.2613262	0.7472230302
250.7613262	0.7470151484
251.2613262	0.7468071535
251.7613262	0.7465990457
252.2613262	0.746390825
252.7613262	0.7461824914
253.2613262	0.745974045
253.7613262	0.7457654857
254.2613262	0.7455568137
254.7613262	0.7453480289
255.2613262	0.7451391314
255.7613262	0.7449301212
256.2613262	0.7447209984
256.7613262	0.744511763
257.2613262	0.7443024151
257.7613262	0.7440929546
258.2613262	0.7438833816
258.7613262	0.7436736962
259.2613262	0.7434638983
259.7613262	0.743253988
260.2613262	0.7430439655
260.7613262	0.7428338306
261.2613262	0.7426235834
261.7613262	0.742413224
262.2613262	0.7422027524
262.7613262	0.7419921686
263.2613262	0.7417814727
263.7613262	0.7415706647
264.2613262	0.7413597447
264.7613262	0.7411487127
265.2613262	0.7409375687
265.7613262	0.7407263127
266.2613262	0.7405149449
266.7613262	0.7403034653
267.2613262	0.7400918738
267.7613262	0.7398801705
268.2613262	0.7396683555
268.7613262	0.7394564289
269.2613262	0.7392443905
269.7613262	0.7390322406
270.2613262	0.7388199791
270.7613262	0.738607606
271.2613262	0.7383951215
271.7613262	0.7381825255
272.2613262	0.7379698181
272.7613262	0.7377569993
273.2613262	0.7375440692
273.7613262	0.7373310278
274.2613262	0.7371178752
274.7613262	0.7369046114
275.2613262	0.7366912364
275.7613262	0.7364777503
276.2613262	0.7362641531
276.7613262	0.7360504449
277.2613262	0.7358366257
277.7613262	0.7356226956
278.2613262	0.7354086545
278.7613262	0.7351945026
279.2613262	0.7349802399
279.7613262	0.7347658664
280.2613262	0.7345513822
280.7613262	0.7343367873
281.2613262	0.7341220818
281.7613262	0.7339072656
282.2613262	0.733692339
282.7613262	0.7334773018
283.2613262	0.7332621541
283.7613262	0.7330468961
284.2613262	0.7328315276
284.7613262	0.7326160489
285.2613262	0.7324004599
285.7613262	0.7321847606
286.2613262	0.7319689512
286.7613262	0.7317530316
287.2613262	0.7315370019
287.7613262	0.7313208622
288.2613262	0.7311046124
288.7613262	0.7308882528
289.2613262	0.7306717832
289.7613262	0.7304552038
290.2613262	0.7302385145
290.7613262	0.7300217155
291.2613262	0.7298048068
291.7613262	0.7295877884
292.2613262	0.7293706604
292.7613262	0.7291534228
293.2613262	0.7289360757
293.7613262	0.7287186191
294.2613262	0.7285010531
294.7613262	0.7282833777
295.2613262	0.7280655931
295.7613262	0.7278476991
296.2613262	0.7276296959
296.7613262	0.7274115835
297.2613262	0.727193362
297.7613262	0.7269750315
298.2613262	0.7267565919
298.7613262	0.7265380433
299.2613262	0.7263193858
299.7613262	0.7261006195
300.2613262	0.7258817443
300.7613262	0.7256627603
301.2613262	0.7254436677
301.7613262	0.7252244663
302.2613262	0.7250051564
302.7613262	0.7247857379
303.2613262	0.7245662108
303.7613262	0.7243465754
304.2613262	0.7241268315
304.7613262	0.7239069793
305.2613262	0.7236870187
305.7613262	0.72346695
306.2613262	0.723246773
306.7613262	0.7230264879
307.2613262	0.7228060947
307.7613262	0.7225855935
308.2613262	0.7223649843
308.7613262	0.7221442672
309.2613262	0.7219234422
309.7613262	0.7217025094
310.2613262	0.7214814688
310.7613262	0.7212603206
311.2613262	0.7210390647
311.7613262	0.7208177012
312.2613262	0.7205962301
312.7613262	0.7203746516
313.2613262	0.7201529657
313.7613262	0.7199311724
314.2613262	0.7197092718
314.7613262	0.7194872639
315.2613262	0.7192651488
315.7613262	0.7190429266
316.2613262	0.7188205973
316.7613262	0.718598161
317.2613262	0.7183756177
317.7613262	0.7181529674
318.2613262	0.7179302104
318.7613262	0.7177073465
319.2613262	0.7174843759
319.7613262	0.7172612986
320.2613262	0.7170381147
320.7613262	0.7168148243
321.2613262	0.7165914273
321.7613262	0.7163679239
322.2613262	0.7161443141
322.7613262	0.715920598
323.2613262	0.7156967756
323.7613262	0.715472847
324.2613262	0.7152488122
324.7613262	0.7150246714
325.2613262	0.7148004245
325.7613262	0.7145760717
326.2613262	0.714351613
326.7613262	0.7141270484
327.2613262	0.7139023781
327.7613262	0.713677602
328.2613262	0.7134527203
328.7613262	0.713227733
329.2613262	0.7130026401
329.7613262	0.7127774418
330.2613262	0.712552138
330.7613262	0.7123267289
331.2613262	0.7121012145
331.7613262	0.7118755949
332.2613262	0.7116498702
332.7613262	0.7114240403
333.2613262	0.7111981054
333.7613262	0.7109720655
334.2613262	0.7107459208
334.7613262	0.7105196711
335.2613262	0.7102933168
335.7613262	0.7100668576
336.2613262	0.7098402939
336.7613262	0.7096136255
337.2613262	0.7093868527
337.7613262	0.7091599754
338.2613262	0.7089329937
338.7613262	0.7087059076
339.2613262	0.7084787174
339.7613262	0.7082514229
340.2613262	0.7080240243
340.7613262	0.7077965216
341.2613262	0.7075689149
341.7613262	0.7073412044
342.2613262	0.7071133899
342.7613262	0.7068854717
343.2613262	0.7066574497
343.7613262	0.7064293241
344.2613262	0.7062010948
344.7613262	0.7059727621
345.2613262	0.7057443259
345.7613262	0.7055157863
346.2613262	0.7052871434
346.7613262	0.7050583973
347.2613262	0.7048295479
347.7613262	0.7046005955
348.2613262	0.70437154
348.7613262	0.7041423815
349.2613262	0.7039131201
349.7613262	0.7036837559
350.2613262	0.7034542889
350.7613262	0.7032247192
351.2613262	0.7029950469
351.7613262	0.702765272
352.2613262	0.7025353947
352.7613262	0.7023054149
353.2613262	0.7020753328
353.7613262	0.7018451484
354.2613262	0.7016148618
354.7613262	0.7013844731
355.2613262	0.7011539823
355.7613262	0.7009233895
356.2613262	0.7006926948
356.7613262	0.7004618983
357.2613262	0.700231
357.7613262	0.7
358.2613262	0.699769
358.7613262	0.6995378984
359.2613262	0.6993066953
359.7613262	0.6990753908
360.2613262	0.6988439849
360.7613262	0.6986124777
361.2613262	0.6983808693
361.7613262	0.6981491598
362.2613262	0.6979173492
362.7613262	0.6976854376
363.2613262	0.6974534251
363.7613262	0.6972213117
364.2613262	0.6969890976
364.7613262	0.6967567828
365.2613262	0.6965243673
365.7613262	0.6962918514
366.2613262	0.6960592349
366.7613262	0.695826518
367.2613262	0.6955937009
367.7613262	0.6953607835
368.2613262	0.6951277659
368.7613262	0.6948946482
369.2613262	0.6946614305
369.7613262	0.6944281129
370.2613262	0.6941946954
370.7613262	0.6939611782
371.2613262	0.6937275612
371.7613262	0.6934938446
372.2613262	0.6932600284
372.7613262	0.6930261128
373.2613262	0.6927920978
373.7613262	0.6925579835
374.2613262	0.6923237699
374.7613262	0.6920894572
375.2613262	0.6918550454
375.7613262	0.6916205346
376.2613262	0.6913859249
376.7613262	0.6911512163
377.2613262	0.690916409
377.7613262	0.6906815029
378.2613262	0.6904464983
378.7613262	0.6902113952
379.2613262	0.6899761936
379.7613262	0.6897408936
380.2613262	0.6895054954
380.7613262	0.689269999
381.2613262	0.6890344044
381.7613262	0.6887987118
382.2613262	0.6885629213
382.7613262	0.6883270328
383.2613262	0.6880910466
383.7613262	0.6878549627
384.2613262	0.6876187811
384.7613262	0.687382502
385.2613262	0.6871461254
385.7613262	0.6869096515
386.2613262	0.6866730802
386.7613262	0.6864364117
387.2613262	0.6861996461
387.7613262	0.6859627835
388.2613262	0.6857258238
388.7613262	0.6854887673
389.2613262	0.685251614
389.7613262	0.685014364
390.2613262	0.6847770173
390.7613262	0.6845395741
391.2613262	0.6843020345
391.7613262	0.6840643984
392.2613262	0.6838266661
392.7613262	0.6835888376
393.2613262	0.6833509129
393.7613262	0.6831128922
394.2613262	0.6828747756
394.7613262	0.6826365631
395.2613262	0.6823982548
395.7613262	0.6821598509
396.2613262	0.6819213513
396.7613262	0.6816827562
397.2613262	0.6814440657
397.7613262	0.6812052799
398.2613262	0.6809663987
398.7613262	0.6807274225
399.2613262	0.6804883511
399.7613262	0.6802491848
400.2613262	0.6800099235
400.7613262	0.6797705674
401.2613262	0.6795311166
401.7613262	0.6792915712
402.2613262	0.6790519312
402.7613262	0.6788121968
403.2613262	0.6785723679
403.7613262	0.6783324448
404.2613262	0.6780924276
404.7613262	0.6778523162
405.2613262	0.6776121107
405.7613262	0.6773718114
406.2613262	0.6771314183
406.7613262	0.6768909313
407.2613262	0.6766503508
407.7613262	0.6764096767
408.2613262	0.6761689091
408.7613262	0.6759280481
409.2613262	0.6756870939
409.7613262	0.6754460464
410.2613262	0.6752049059
410.7613262	0.6749636723
411.2613262	0.6747223458
411.7613262	0.6744809265
412.2613262	0.6742394144
412.7613262	0.6739978098
413.2613262	0.6737561125
413.7613262	0.6735143228
414.2613262	0.6732724408
414.7613262	0.6730304664
415.2613262	0.6727883999
415.7613262	0.6725462413
416.2613262	0.6723039908
416.7613262	0.6720616483
417.2613262	0.671819214
417.7613262	0.6715766881
418.2613262	0.6713340705
418.7613262	0.6710913614
419.2613262	0.6708485609
419.7613262	0.670605669
420.2613262	0.6703626859
420.7613262	0.6701196117
421.2613262	0.6698764465
421.7613262	0.6696331903
422.2613262	0.6693898432
422.7613262	0.6691464055
423.2613262	0.668902877
423.7613262	0.668659258
424.2613262	0.6684155486
424.7613262	0.6681717487
425.2613262	0.6679278586
425.7613262	0.6676838784
426.2613262	0.6674398081
426.7613262	0.6671956478
427.2613262	0.6669513976
427.7613262	0.6667070576
428.2613262	0.666462628
428.7613262	0.6662181088
429.2613262	0.6659735001
429.7613262	0.665728802
430.2613262	0.6654840146
430.7613262	0.6652391381
431.2613262	0.6649941725
431.7613262	0.6647491179
432.2613262	0.6645039744
432.7613262	0.6642587421
433.2613262	0.6640134211
433.7613262	0.6637680115
434.2613262	0.6635225135
434.7613262	0.6632769271
435.2613262	0.6630312524
435.7613262	0.6627854895
436.2613262	0.6625396385
436.7613262	0.6622936995
437.2613262	0.6620476727
437.7613262	0.6618015581
438.2613262	0.6615553558
438.7613262	0.661309066
439.2613262	0.6610626886
439.7613262	0.660816224
440.2613262	0.660569672
440.7613262	0.6603230329
441.2613262	0.6600763067
441.7613262	0.6598294936
442.2613262	0.6595825936
442.7613262	0.6593356068
443.2613262	0.6590885335
443.7613262	0.6588413735
444.2613262	0.6585941272
444.7613262	0.6583467945
445.2613262	0.6580993756
445.7613262	0.6578518705
446.2613262	0.6576042795
446.7613262	0.6573566025
447.2613262	0.6571088397
447.7613262	0.6568609912
448.2613262	0.6566130571
448.7613262	0.6563650375
449.2613262	0.6561169325
449.7613262	0.6558687423
450.2613262	0.6556204669
450.7613262	0.6553721064
451.2613262	0.6551236609
451.7613262	0.6548751306
452.2613262	0.6546265155
452.7613262	0.6543778158
453.2613262	0.6541290316
453.7613262	0.6538801629
454.2613262	0.6536312099
454.7613262	0.6533821727
455.2613262	0.6531330514
455.7613262	0.6528838461
456.2613262	0.652634557
456.7613262	0.652385184
457.2613262	0.6521357274
457.7613262	0.6518861872
458.2613262	0.6516365635
458.7613262	0.6513868565
459.2613262	0.6511370663
459.7613262	0.650887193
460.2613262	0.6506372366
460.7613262	0.6503871973
461.2613262	0.6501370753
461.7613262	0.6498868705
462.2613262	0.6496365832
462.7613262	0.6493862134
463.2613262	0.6491357613
463.7613262	0.6488852269
464.2613262	0.6486346104
464.7613262	0.6483839119
465.2613262	0.6481331315
465.7613262	0.6478822692
466.2613262	0.6476313253
466.7613262	0.6473802998
467.2613262	0.6471291929
467.7613262	0.6468780046
468.2613262	0.646626735
468.7613262	0.6463753844
469.2613262	0.6461239527
469.7613262	0.6458724401
470.2613262	0.6456208468
470.7613262	0.6453691727
471.2613262	0.6451174182
471.7613262	0.6448655831
472.2613262	0.6446136678
472.7613262	0.6443616722
473.2613262	0.6441095965
473.7613262	0.6438574409
474.2613262	0.6436052053
474.7613262	0.64335289
475.2613262	0.6431004951
475.7613262	0.6428480206
476.2613262	0.6425954667
476.7613262	0.6423428335
477.2613262	0.6420901212
477.7613262	0.6418373297
478.2613262	0.6415844593
478.7613262	0.6413315101
479.2613262	0.6410784822
479.7613262	0.6408253756
480.2613262	0.6405721906
480.7613262	0.6403189272
481.2613262	0.6400655855
481.7613262	0.6398121657
482.2613262	0.6395586679
482.7613262	0.6393050922
483.2613262	0.6390514387
483.7613262	0.6387977075
484.2613262	0.6385438988
484.7613262	0.6382900127
485.2613262	0.6380360492
485.7613262	0.6377820085
486.2613262	0.6375278908
486.7613262	0.6372736961
487.2613262	0.6370194246
487.7613262	0.6367650764
488.2613262	0.6365106515
488.7613262	0.6362561502
489.2613262	0.6360015725
489.7613262	0.6357469186
490.2613262	0.6354921885
490.7613262	0.6352373825
491.2613262	0.6349825005
491.7613262	0.6347275428
492.2613262	0.6344725095
492.7613262	0.6342174006
493.2613262	0.6339622164
493.7613262	0.6337069568
494.2613262	0.6334516221
494.7613262	0.6331962124
495.2613262	0.6329407278
495.7613262	0.6326851683
496.2613262	0.6324295342
496.7613262	0.6321738256
497.2613262	0.6319180425
497.7613262	0.6316621851
498.2613262	0.6314062535
498.7613262	0.6311502479
499.2613262	0.6308941683
499.7613262	0.6306380149
500.2613262	0.6303817878
500.7613262	0.6301254872
501.2613262	0.6298691131
501.7613262	0.6296126657
502.2613262	0.629356145
502.7613262	0.6290995514
503.2613262	0.6288428847
503.7613262	0.6285861453
504.2613262	0.6283293331
504.7613262	0.6280724484
505.2613262	0.6278154912
505.7613262	0.6275584616
506.2613262	0.6273013599
506.7613262	0.6270441861
507.2613262	0.6267869404
507.7613262	0.6265296228
508.2613262	0.6262722335
508.7613262	0.6260147727
509.2613262	0.6257572403
509.7613262	0.6254996367
510.2613262	0.6252419619
510.7613262	0.624984216
511.2613262	0.6247263992
511.7613262	0.6244685115
512.2613262	0.6242105532
512.7613262	0.6239525242
513.2613262	0.6236944249
513.7613262	0.6234362552
514.2613262	0.6231780154
514.7613262	0.6229197055
515.2613262	0.6226613257
515.7613262	0.6224028761
516.2613262	0.6221443568
516.7613262	0.6218857679
517.2613262	0.6216271097
517.7613262	0.6213683822
518.2613262	0.6211095855
518.7613262	0.6208507198
519.2613262	0.6205917851
519.7613262	0.6203327818
520.2613262	0.6200737097
520.7613262	0.6198145692
521.2613262	0.6195553603
521.7613262	0.6192960831
522.2613262	0.6190367378
522.7613262	0.6187773246
523.2613262	0.6185178434
523.7613262	0.6182582945
524.2613262	0.6179986781
524.7613262	0.6177389941
525.2613262	0.6174792428
525.7613262	0.6172194243
526.2613262	0.6169595388
526.7613262	0.6166995863
527.2613262	0.6164395669
527.7613262	0.6161794809
528.2613262	0.6159193284
528.7613262	0.6156591094
529.2613262	0.6153988241
529.7613262	0.6151384727
530.2613262	0.6148780553
530.7613262	0.6146175719
531.2613262	0.6143570228
531.7613262	0.6140964081
532.2613262	0.6138357279
532.7613262	0.6135749823
533.2613262	0.6133141715
533.7613262	0.6130532956
534.2613262	0.6127923548
534.7613262	0.6125313491
535.2613262	0.6122702788
535.7613262	0.6120091438
536.2613262	0.6117479445
536.7613262	0.6114866808
537.2613262	0.6112253531
537.7613262	0.6109639612
538.2613262	0.6107025055
538.7613262	0.6104409861
539.2613262	0.610179403
539.7613262	0.6099177565
540.2613262	0.6096560466
540.7613262	0.6093942735
541.2613262	0.6091324373
541.7613262	0.6088705382
542.2613262	0.6086085762
542.7613262	0.6083465517
543.2613262	0.6080844645
543.7613262	0.607822315
544.2613262	0.6075601032
544.7613262	0.6072978293
545.2613262	0.6070354934
545.7613262	0.6067730957
546.2613262	0.6065106362
546.7613262	0.6062481152
547.2613262	0.6059855327
547.7613262	0.6057228889
548.2613262	0.605460184
548.7613262	0.605197418
549.2613262	0.6049345912
549.7613262	0.6046717036
550.2613262	0.6044087554
550.7613262	0.6041457467
551.2613262	0.6038826776
551.7613262	0.6036195484
552.2613262	0.6033563591
552.7613262	0.6030931099
553.2613262	0.6028298009
553.7613262	0.6025664323
554.2613262	0.6023030041
554.7613262	0.6020395166
555.2613262	0.6017759699
555.7613262	0.6015123641
556.2613262	0.6012486993
556.7613262	0.6009849758
557.2613262	0.6007211935
557.7613262	0.6004573528
558.2613262	0.6001934536
558.7613262	0.5999294962
559.2613262	0.5996654807
559.7613262	0.5994014072
560.2613262	0.5991372759
560.7613262	0.5988730869
561.2613262	0.5986088404
561.7613262	0.5983445365
562.2613262	0.5980801753
562.7613262	0.597815757
563.2613262	0.5975512817
563.7613262	0.5972867496
564.2613262	0.5970221608
564.7613262	0.5967575154
565.2613262	0.5964928136
565.7613262	0.5962280556
566.2613262	0.5959632414
566.7613262	0.5956983712
567.2613262	0.5954334452
567.7613262	0.5951684635
568.2613262	0.5949034263
568.7613262	0.5946383336
569.2613262	0.5943731857
569.7613262	0.5941079826
570.2613262	0.5938427245
570.7613262	0.5935774116
571.2613262	0.593312044
571.7613262	0.5930466219
572.2613262	0.5927811453
572.7613262	0.5925156145
573.2613262	0.5922500296
573.7613262	0.5919843906
574.2613262	0.5917186979
574.7613262	0.5914529514
575.2613262	0.5911871514
575.7613262	0.590921298
576.2613262	0.5906553914
576.7613262	0.5903894316
577.2613262	0.5901234189
577.7613262	0.5898573534
578.2613262	0.5895912351
578.7613262	0.5893250644
579.2613262	0.5890588412
579.7613262	0.5887925659
580.2613262	0.5885262384
580.7613262	0.588259859
581.2613262	0.5879934278
581.7613262	0.5877269449
582.2613262	0.5874604105
582.7613262	0.5871938248
583.2613262	0.5869271878
583.7613262	0.5866604998
584.2613262	0.5863937608
584.7613262	0.5861269711
585.2613262	0.5858601307
585.7613262	0.5855932399
586.2613262	0.5853262987
586.7613262	0.5850593073
587.2613262	0.5847922659
587.7613262	0.5845251746
588.2613262	0.5842580336
588.7613262	0.583990843
589.2613262	0.5837236029
589.7613262	0.5834563135
590.2613262	0.5831889749
590.7613262	0.5829215874
591.2613262	0.582654151
591.7613262	0.5823866658
592.2613262	0.5821191322
592.7613262	0.5818515501
593.2613262	0.5815839197
593.7613262	0.5813162412
594.2613262	0.5810485148
594.7613262	0.5807807405
595.2613262	0.5805129186
595.7613262	0.5802450492
596.2613262	0.5799771324
596.7613262	0.5797091684
597.2613262	0.5794411573
597.7613262	0.5791730993
598.2613262	0.5789049945
598.7613262	0.5786368431
599.2613262	0.5783686452
599.7613262	0.578100401
600.2613262	0.5778321107
600.7613262	0.5775637743
601.2613262	0.577295392
601.7613262	0.5770269641
602.2613262	0.5767584905
602.7613262	0.5764899716
603.2613262	0.5762214074
603.7613262	0.575952798
604.2613262	0.5756841438
604.7613262	0.5754154447
605.2613262	0.5751467009
605.7613262	0.5748779126
606.2613262	0.57460908
606.7613262	0.5743402032
607.2613262	0.5740712823
607.7613262	0.5738023175
608.2613262	0.5735333089
608.7613262	0.5732642568
609.2613262	0.5729951612
609.7613262	0.5727260223
610.2613262	0.5724568403
610.7613262	0.5721876153
611.2613262	0.5719183475
611.7613262	0.5716490369
612.2613262	0.5713796839
612.7613262	0.5711102885
613.2613262	0.5708408508
613.7613262	0.5705713711
614.2613262	0.5703018494
614.7613262	0.570032286
615.2613262	0.569762681
615.7613262	0.5694930345
616.2613262	0.5692233467
616.7613262	0.5689536178
617.2613262	0.5686838478
617.7613262	0.568414037
618.2613262	0.5681441856
618.7613262	0.5678742936
619.2613262	0.5676043612
619.7613262	0.5673343886
620.2613262	0.5670643759
620.7613262	0.5667943233
621.2613262	0.5665242309
621.7613262	0.5662540989
622.2613262	0.5659839275
622.7613262	0.5657137167
623.2613262	0.5654434669
623.7613262	0.565173178
624.2613262	0.5649028503
624.7613262	0.5646324839
625.2613262	0.564362079
625.7613262	0.5640916357
626.2613262	0.5638211542
626.7613262	0.5635506347
627.2613262	0.5632800772
627.7613262	0.5630094821
628.2613262	0.5627388493
628.7613262	0.562468179
629.2613262	0.5621974715
629.7613262	0.5619267269
630.2613262	0.5616559453
630.7613262	0.5613851269
631.2613262	0.5611142719
631.7613262	0.5608433803
632.2613262	0.5605724524
632.7613262	0.5603014884
633.2613262	0.5600304883
633.7613262	0.5597594523
634.2613262	0.5594883806
634.7613262	0.5592172734
635.2613262	0.5589461307
635.7613262	0.5586749528
636.2613262	0.5584037398
636.7613262	0.5581324919
637.2613262	0.5578612093
637.7613262	0.557589892
638.2613262	0.5573185402
638.7613262	0.5570471542
639.2613262	0.556775734
639.7613262	0.5565042798
640.2613262	0.5562327918
640.7613262	0.5559612702
641.2613262	0.555689715
641.7613262	0.5554181265
642.2613262	0.5551465048
642.7613262	0.55487485
643.2613262	0.5546031624
643.7613262	0.5543314421
644.2613262	0.5540596892
644.7613262	0.5537879039
645.2613262	0.5535160863
645.7613262	0.5532442367
646.2613262	0.5529723551
646.7613262	0.5527004418
647.2613262	0.5524284969
647.7613262	0.5521565205
648.2613262	0.5518845128
648.7613262	0.551612474
649.2613262	0.5513404043
649.7613262	0.5510683037
650.2613262	0.5507961724
650.7613262	0.5505240107
651.2613262	0.5502518187
651.7613262	0.5499795964
652.2613262	0.5497073442
652.7613262	0.5494350621
653.2613262	0.5491627503
653.7613262	0.548890409
654.2613262	0.5486180383
654.7613262	0.5483456384
655.2613262	0.5480732094
655.7613262	0.5478007515
656.2613262	0.5475282649
656.7613262	0.5472557498
657.2613262	0.5469832062
657.7613262	0.5467106343
658.2613262	0.5464380344
658.7613262	0.5461654065
659.2613262	0.5458927509
659.7613262	0.5456200677
660.2613262	0.545347357
660.7613262	0.545074619
661.2613262	0.5448018539
661.7613262	0.5445290618
662.2613262	0.5442562429
662.7613262	0.5439833974
663.2613262	0.5437105254
663.7613262	0.5434376271
664.2613262	0.5431647026
664.7613262	0.5428917521
665.2613262	0.5426187758
665.7613262	0.5423457738
666.2613262	0.5420727463
666.7613262	0.5417996934
667.2613262	0.5415266153
667.7613262	0.5412535122
668.2613262	0.5409803843
668.7613262	0.5407072316
669.2613262	0.5404340544
669.7613262	0.5401608528
670.2613262	0.539887627
670.7613262	0.5396143771
671.2613262	0.5393411033
671.7613262	0.5390678058
672.2613262	0.5387944847
672.7613262	0.5385211403
673.2613262	0.5382477725
673.7613262	0.5379743817
674.2613262	0.537700968
674.7613262	0.5374275315
675.2613262	0.5371540724
675.7613262	0.5368805908
676.2613262	0.536607087
676.7613262	0.5363335611
677.2613262	0.5360600133
677.7613262	0.5357864436
678.2613262	0.5355128523
678.7613262	0.5352392396
679.2613262	0.5349656056
679.7613262	0.5346919505
680.2613262	0.5344182743
680.7613262	0.5341445774
681.2613262	0.5338708599
681.7613262	0.5335971218
682.2613262	0.5333233635
682.7613262	0.533049585
683.2613262	0.5327757865
683.7613262	0.5325019681
684.2613262	0.5322281302
684.7613262	0.5319542727
685.2613262	0.5316803959
685.7613262	0.5314064999
686.2613262	0.5311325849
686.7613262	0.530858651
687.2613262	0.5305846985
687.7613262	0.5303107275
688.2613262	0.5300367381
688.7613262	0.5297627305
689.2613262	0.5294887049
689.7613262	0.5292146615
690.2613262	0.5289406003
690.7613262	0.5286665216
691.2613262	0.5283924256
691.7613262	0.5281183123
692.2613262	0.527844182
692.7613262	0.5275700348
693.2613262	0.527295871
693.7613262	0.5270216905
694.2613262	0.5267474937
694.7613262	0.5264732807
695.2613262	0.5261990516
695.7613262	0.5259248066
696.2613262	0.5256505459
696.7613262	0.5253762697
697.2613262	0.525101978
697.7613262	0.5248276712
698.2613262	0.5245533492
698.7613262	0.5242790124
699.2613262	0.5240046608
699.7613262	0.5237302946
700.2613262	0.5234559141
700.7613262	0.5231815193
701.2613262	0.5229071104
701.7613262	0.5226326876
702.2613262	0.5223582511
702.7613262	0.5220838009
703.2613262	0.5218093374
703.7613262	0.5215348606
704.2613262	0.5212603707
704.7613262	0.520985868
705.2613262	0.5207113524
705.7613262	0.5204368243
706.2613262	0.5201622837
706.7613262	0.5198877309
707.2613262	0.5196131659
707.7613262	0.5193385891
708.2613262	0.5190640005
708.7613262	0.5187894002
709.2613262	0.5185147886
709.7613262	0.5182401657
710.2613262	0.5179655316
710.7613262	0.5176908867
711.2613262	0.5174162309
711.7613262	0.5171415646
712.2613262	0.5168668878
712.7613262	0.5165922007
713.2613262	0.5163175036
713.7613262	0.5160427965
714.2613262	0.5157680796
714.7613262	0.5154933531
715.2613262	0.5152186171
715.7613262	0.5149438719
716.2613262	0.5146691175
716.7613262	0.5143943542
717.2613262	0.5141195822
717.7613262	0.5138448015
718.2613262	0.5135700123
718.7613262	0.5132952149
719.2613262	0.5130204093
719.7613262	0.5127455958
720.2613262	0.5124707745
720.7613262	0.5121959455
721.2613262	0.5119211092
721.7613262	0.5116462655
722.2613262	0.5113714147
722.7613262	0.5110965569
723.2613262	0.5108216924
723.7613262	0.5105468212
724.2613262	0.5102719436
724.7613262	0.5099970596
725.2613262	0.5097221696
725.7613262	0.5094472735
726.2613262	0.5091723717
726.7613262	0.5088974642
727.2613262	0.5086225513
727.7613262	0.5083476331
728.2613262	0.5080727098
728.7613262	0.5077977814
729.2613262	0.5075228483
729.7613262	0.5072479106
730.2613262	0.5069729684
730.7613262	0.5066980219
731.2613262	0.5064230712
731.7613262	0.5061481166
732.2613262	0.5058731582
732.7613262	0.5055981961
733.2613262	0.5053232306
733.7613262	0.5050482618
734.2613262	0.5047732898
734.7613262	0.5044983149
735.2613262	0.5042233371
735.7613262	0.5039483567
736.2613262	0.5036733739
736.7613262	0.5033983887
737.2613262	0.5031234014
737.7613262	0.5028484122
738.2613262	0.5025734211
738.7613262	0.5022984284
739.2613262	0.5020234342
739.7613262	0.5017484387
740.2613262	0.501473442
740.7613262	0.5011984444
741.2613262	0.500923446
741.7613262	0.5006484469
742.2613262	0.5003734474
742.7613262	0.5000984476
743.2613262	0.4998234476
743.7613262	0.4995484476
744.2613262	0.4992734478
744.7613262	0.4989984484
745.2613262	0.4987234495
745.7613262	0.4984484513
746.2613262	0.498173454
746.7613262	0.4978984576
747.2613262	0.4976234625
747.7613262	0.4973484687
748.2613262	0.4970734764
748.7613262	0.4967984859
749.2613262	0.4965234971
749.7613262	0.4962485104
750.2613262	0.4959735259
750.7613262	0.4956985437
751.2613262	0.4954235641
751.7613262	0.4951485871
752.2613262	0.494873613
752.7613262	0.4945986419
753.2613262	0.494323674
753.7613262	0.4940487095
754.2613262	0.4937737484
754.7613262	0.4934987911
755.2613262	0.4932238376
755.7613262	0.4929488881
756.2613262	0.4926739428
756.7613262	0.4923990018
757.2613262	0.4921240653
757.7613262	0.4918491336
758.2613262	0.4915742067
758.7613262	0.4912992848
759.2613262	0.491024368
759.7613262	0.4907494566
760.2613262	0.4904745508
760.7613262	0.4901996506
761.2613262	0.4899247562
761.7613262	0.4896498679
762.2613262	0.4893749857
762.7613262	0.4891001099
763.2613262	0.4888252406
763.7613262	0.488550378
764.2613262	0.4882755222
764.7613262	0.4880006734
765.2613262	0.4877258318
765.7613262	0.4874509975
766.2613262	0.4871761707
766.7613262	0.4869013516
767.2613262	0.4866265403
767.7613262	0.4863517371
768.2613262	0.486076942
768.7613262	0.4858021552
769.2613262	0.4855273769
769.7613262	0.4852526073
770.2613262	0.4849778466
770.7613262	0.4847030948
771.2613262	0.4844283522
771.7613262	0.4841536189
772.2613262	0.4838788951
772.7613262	0.483604181
773.2613262	0.4833294767
773.7613262	0.4830547824
774.2613262	0.4827800983
774.7613262	0.4825054245
775.2613262	0.4822307611
775.7613262	0.4819561084
776.2613262	0.4816814666
776.7613262	0.4814068357
777.2613262	0.481132216
777.7613262	0.4808576076
778.2613262	0.4805830107
778.7613262	0.4803084254
779.2613262	0.4800338519
779.7613262	0.4797592904
780.2613262	0.4794847411
780.7613262	0.479210204
781.2613262	0.4789356795
781.7613262	0.4786611676
782.2613262	0.4783866684
782.7613262	0.4781121823
783.2613262	0.4778377093
783.7613262	0.4775632496
784.2613262	0.4772888033
784.7613262	0.4770143707
785.2613262	0.4767399519
785.7613262	0.476465547
786.2613262	0.4761911562
786.7613262	0.4759167798
787.2613262	0.4756424178
787.7613262	0.4753680704
788.2613262	0.4750937378
788.7613262	0.4748194202
789.2613262	0.4745451176
789.7613262	0.4742708304
790.2613262	0.4739965586
790.7613262	0.4737223024
791.2613262	0.4734480619
791.7613262	0.4731738374
792.2613262	0.4728996291
792.7613262	0.4726254369
793.2613262	0.4723512612
793.7613262	0.4720771021
794.2613262	0.4718029598
794.7613262	0.4715288344
795.2613262	0.471254726
795.7613262	0.470980635
796.2613262	0.4707065613
796.7613262	0.4704325052
797.2613262	0.4701584669
797.7613262	0.4698844464
798.2613262	0.4696104441
798.7613262	0.46933646
799.2613262	0.4690624942
799.7613262	0.4687885471
800.2613262	0.4685146186
800.7613262	0.4682407091
801.2613262	0.4679668186
801.7613262	0.4676929474
802.2613262	0.4674190955
802.7613262	0.4671452631
803.2613262	0.4668714505
803.7613262	0.4665976578
804.2613262	0.4663238851
804.7613262	0.4660501326
805.2613262	0.4657764004
805.7613262	0.4655026888
806.2613262	0.4652289979
806.7613262	0.4649553278
807.2613262	0.4646816787
807.7613262	0.4644080508
808.2613262	0.4641344443
808.7613262	0.4638608593
809.2613262	0.4635872959
809.7613262	0.4633137544
810.2613262	0.4630402349
810.7613262	0.4627667375
811.2613262	0.4624932624
811.7613262	0.4622198099
812.2613262	0.46194638
812.7613262	0.4616729728
813.2613262	0.4613995887
813.7613262	0.4611262277
814.2613262	0.46085289
814.7613262	0.4605795757
815.2613262	0.4603062851
815.7613262	0.4600330182
816.2613262	0.4597597753
816.7613262	0.4594865565
817.2613262	0.459213362
817.7613262	0.4589401919
818.2613262	0.4586670464
818.7613262	0.4583939257
819.2613262	0.4581208298
819.7613262	0.4578477591
820.2613262	0.4575747136
820.7613262	0.4573016935
821.2613262	0.4570286989
821.7613262	0.4567557301
822.2613262	0.4564827872
822.7613262	0.4562098703
823.2613262	0.4559369797
823.7613262	0.4556641154
824.2613262	0.4553912776
824.7613262	0.4551184665
825.2613262	0.4548456823
825.7613262	0.4545729251
826.2613262	0.4543001951
826.7613262	0.4540274924
827.2613262	0.4537548172
827.7613262	0.4534821697
828.2613262	0.45320955
828.7613262	0.4529369583
829.2613262	0.4526643947
829.7613262	0.4523918594
830.2613262	0.4521193526
830.7613262	0.4518468744
831.2613262	0.451574425
831.7613262	0.4513020046
832.2613262	0.4510296132
832.7613262	0.4507572511
833.2613262	0.4504849185
833.7613262	0.4502126154
834.2613262	0.449940342
834.7613262	0.4496680986
835.2613262	0.4493958852
835.7613262	0.4491237021
836.2613262	0.4488515493
836.7613262	0.4485794271
837.2613262	0.4483073356
837.7613262	0.4480352749
838.2613262	0.4477632453
838.7613262	0.4474912469
839.2613262	0.4472192797
839.7613262	0.4469473441
840.2613262	0.4466754402
840.7613262	0.446403568
841.2613262	0.4461317279
841.7613262	0.4458599198
842.2613262	0.4455881441
842.7613262	0.4453164008
843.2613262	0.4450446901
843.7613262	0.4447730122
844.2613262	0.4445013673
844.7613262	0.4442297554
845.2613262	0.4439581767
845.7613262	0.4436866315
846.2613262	0.4434151198
846.7613262	0.4431436418
847.2613262	0.4428721977
847.7613262	0.4426007877
848.2613262	0.4423294118
848.7613262	0.4420580703
849.2613262	0.4417867633
849.7613262	0.4415154909
850.2613262	0.4412442534
850.7613262	0.4409730509
851.2613262	0.4407018835
851.7613262	0.4404307514
852.2613262	0.4401596547
852.7613262	0.4398885937
853.2613262	0.4396175684
853.7613262	0.439346579
854.2613262	0.4390756258
854.7613262	0.4388047087
855.2613262	0.4385338281
855.7613262	0.438262984
856.2613262	0.4379921766
856.7613262	0.437721406
857.2613262	0.4374506725
857.7613262	0.4371799762
858.2613262	0.4369093172
858.7613262	0.4366386957
859.2613262	0.4363681118
859.7613262	0.4360975657
860.2613262	0.4358270576
860.7613262	0.4355565875
861.2613262	0.4352861558
861.7613262	0.4350157625
862.2613262	0.4347454077
862.7613262	0.4344750917
863.2613262	0.4342048146
863.7613262	0.4339345765
864.2613262	0.4336643776
864.7613262	0.433394218
865.2613262	0.433124098
865.7613262	0.4328540176
866.2613262	0.4325839771
866.7613262	0.4323139765
867.2613262	0.432044016
867.7613262	0.4317740958
868.2613262	0.4315042161
868.7613262	0.4312343769
869.2613262	0.4309645785
869.7613262	0.430694821
870.2613262	0.4304251045
870.7613262	0.4301554292
871.2613262	0.4298857953
871.7613262	0.4296162029
872.2613262	0.4293466522
872.7613262	0.4290771433
873.2613262	0.4288076763
873.7613262	0.4285382515
874.2613262	0.428268869
874.7613262	0.4279995289
875.2613262	0.4277302313
875.7613262	0.4274609766
876.2613262	0.4271917647
876.7613262	0.4269225958
877.2613262	0.4266534701
877.7613262	0.4263843878
878.2613262	0.426115349
878.7613262	0.4258463538
879.2613262	0.4255774025
879.7613262	0.4253084951
880.2613262	0.4250396318
880.7613262	0.4247708127
881.2613262	0.4245020381
881.7613262	0.4242333081
882.2613262	0.4239646227
882.7613262	0.4236959822
883.2613262	0.4234273868
883.7613262	0.4231588365
884.2613262	0.4228903315
884.7613262	0.422621872
885.2613262	0.4223534581
885.7613262	0.42208509
886.2613262	0.4218167678
886.7613262	0.4215484916
887.2613262	0.4212802618
887.7613262	0.4210120782
888.2613262	0.4207439412
888.7613262	0.4204758509
889.2613262	0.4202078074
889.7613262	0.4199398109
890.2613262	0.4196718615
890.7613262	0.4194039593
891.2613262	0.4191361046
891.7613262	0.4188682975
892.2613262	0.4186005381
892.7613262	0.4183328266
893.2613262	0.418065163
893.7613262	0.4177975477
894.2613262	0.4175299806
894.7613262	0.4172624621
895.2613262	0.4169949921
895.7613262	0.4167275709
896.2613262	0.4164601987
896.7613262	0.4161928755
897.2613262	0.4159256015
897.7613262	0.4156583768
898.2613262	0.4153912017
898.7613262	0.4151240762
899.2613262	0.4148570005
899.7613262	0.4145899748
900.2613262	0.4143229991
900.7613262	0.4140560737
901.2613262	0.4137891987
901.7613262	0.4135223743
902.2613262	0.4132556005
902.7613262	0.4129888775
903.2613262	0.4127222056
903.7613262	0.4124555847
904.2613262	0.4121890151
904.7613262	0.411922497
905.2613262	0.4116560304
905.7613262	0.4113896155
906.2613262	0.4111232525
906.7613262	0.4108569415
907.2613262	0.4105906826
907.7613262	0.410324476
908.2613262	0.4100583219
908.7613262	0.4097922204
909.2613262	0.4095261716
909.7613262	0.4092601756
910.2613262	0.4089942327
910.7613262	0.408728343
911.2613262	0.4084625065
911.7613262	0.4081967236
912.2613262	0.4079309942
912.7613262	0.4076653186
913.2613262	0.4073996968
913.7613262	0.4071341291
914.2613262	0.4068686156
914.7613262	0.4066031564
915.2613262	0.4063377517
915.7613262	0.4060724015
916.2613262	0.4058071062
916.7613262	0.4055418657
917.2613262	0.4052766803
917.7613262	0.40501155
918.2613262	0.4047464751
918.7613262	0.4044814557
919.2613262	0.4042164918
919.7613262	0.4039515838
920.2613262	0.4036867316
920.7613262	0.4034219355
921.2613262	0.4031571955
921.7613262	0.4028925119
922.2613262	0.4026278848
922.7613262	0.4023633142
923.2613262	0.4020988004
923.7613262	0.4018343435
924.2613262	0.4015699437
924.7613262	0.401305601
925.2613262	0.4010413157
925.7613262	0.4007770878
926.2613262	0.4005129175
926.7613262	0.4002488049
927.2613262	0.3999847502
927.7613262	0.3997207536
928.2613262	0.3994568151
928.7613262	0.3991929349
929.2613262	0.3989291132
929.7613262	0.3986653501
930.2613262	0.3984016457
930.7613262	0.3981380001
931.2613262	0.3978744136
931.7613262	0.3976108862
932.2613262	0.397347418
932.7613262	0.3970840093
933.2613262	0.3968206602
933.7613262	0.3965573708
934.2613262	0.3962941412
934.7613262	0.3960309716
935.2613262	0.3957678621
935.7613262	0.3955048129
936.2613262	0.3952418241
936.7613262	0.3949788958
937.2613262	0.3947160281
937.7613262	0.3944532213
938.2613262	0.3941904755
938.7613262	0.3939277907
939.2613262	0.3936651671
939.7613262	0.3934026049
940.2613262	0.3931401042
940.7613262	0.3928776652
941.2613262	0.3926152879
941.7613262	0.3923529725
942.2613262	0.3920907192
942.7613262	0.391828528
943.2613262	0.3915663992
943.7613262	0.3913043328
944.2613262	0.3910423291
944.7613262	0.390780388
945.2613262	0.3905185098
945.7613262	0.3902566947
946.2613262	0.3899949426
946.7613262	0.3897332538
947.2613262	0.3894716285
947.7613262	0.3892100666
948.2613262	0.3889485685
948.7613262	0.3886871341
949.2613262	0.3884257638
949.7613262	0.3881644574
950.2613262	0.3879032154
950.7613262	0.3876420376
951.2613262	0.3873809244
951.7613262	0.3871198757
952.2613262	0.3868588918
952.7613262	0.3865979728
953.2613262	0.3863371189
953.7613262	0.38607633
954.2613262	0.3858156065
954.7613262	0.3855549484
955.2613262	0.3852943558
955.7613262	0.3850338289
956.2613262	0.3847733679
956.7613262	0.3845129728
957.2613262	0.3842526438
957.7613262	0.3839923809
958.2613262	0.3837321845
958.7613262	0.3834720545
959.2613262	0.3832119912
959.7613262	0.3829519945
960.2613262	0.3826920648
960.7613262	0.3824322021
961.2613262	0.3821724065
961.7613262	0.3819126781
962.2613262	0.3816530172
962.7613262	0.3813934238
963.2613262	0.3811338981
963.7613262	0.3808744402
964.2613262	0.3806150502
964.7613262	0.3803557282
965.2613262	0.3800964744
965.7613262	0.379837289
966.2613262	0.379578172
966.7613262	0.3793191235
967.2613262	0.3790601438
967.7613262	0.3788012329
968.2613262	0.3785423909
968.7613262	0.3782836181
969.2613262	0.3780249144
969.7613262	0.3777662801
970.2613262	0.3775077153
970.7613262	0.3772492201
971.2613262	0.3769907947
971.7613262	0.3767324391
972.2613262	0.3764741534
972.7613262	0.3762159379
973.2613262	0.3759577927
973.7613262	0.3756997178
974.2613262	0.3754417134
974.7613262	0.3751837797
975.2613262	0.3749259166
975.7613262	0.3746681245
976.2613262	0.3744104034
976.7613262	0.3741527534
977.2613262	0.3738951747
977.7613262	0.3736376674
978.2613262	0.3733802316
978.7613262	0.3731228674
979.2613262	0.372865575
979.7613262	0.3726083545
980.2613262	0.372351206
980.7613262	0.3720941296
981.2613262	0.3718371255
981.7613262	0.3715801938
982.2613262	0.3713233346
982.7613262	0.3710665481
983.2613262	0.3708098343
983.7613262	0.3705531934
984.2613262	0.3702966255
984.7613262	0.3700401308
985.2613262	0.3697837093
985.7613262	0.3695273612
986.2613262	0.3692710866
986.7613262	0.3690148857
987.2613262	0.3687587585
987.7613262	0.3685027052
988.2613262	0.3682467259
988.7613262	0.3679908207
989.2613262	0.3677349897
989.7613262	0.3674792332
990.2613262	0.3672235511
990.7613262	0.3669679437
991.2613262	0.3667124109
991.7613262	0.3664569531
992.2613262	0.3662015702
992.7613262	0.3659462624
993.2613262	0.3656910299
993.7613262	0.3654358727
994.2613262	0.3651807909
994.7613262	0.3649257848
995.2613262	0.3646708543
995.7613262	0.3644159997
996.2613262	0.364161221
996.7613262	0.3639065184
997.2613262	0.363651892
997.7613262	0.3633973419
998.2613262	0.3631428682
998.7613262	0.362888471
999.2613262	0.3626341506
999.7613262	0.3623799069
1000.261326	0.3621257401
1000.761326	0.3618716503
1001.261326	0.3616176377
1001.761326	0.3613637024
1002.261326	0.3611098444
1002.761326	0.3608560639
1003.261326	0.3606023611
1003.761326	0.3603487359
1004.261326	0.3600951886
1004.761326	0.3598417193
1005.261326	0.3595883281
1005.761326	0.3593350151
1006.261326	0.3590817804
1006.761326	0.3588286241
1007.261326	0.3585755464
1007.761326	0.3583225474
1008.261326	0.3580696271
1008.761326	0.3578167858
1009.261326	0.3575640235
1009.761326	0.3573113403
1010.261326	0.3570587363
1010.761326	0.3568062118
1011.261326	0.3565537667
1011.761326	0.3563014012
1012.261326	0.3560491154
1012.761326	0.3557969094
1013.261326	0.3555447834
1013.761326	0.3552927375
1014.261326	0.3550407717
1014.761326	0.3547888862
1015.261326	0.3545370811
1015.761326	0.3542853565
1016.261326	0.3540337125
1016.761326	0.3537821493
1017.261326	0.3535306669
1017.761326	0.3532792655
1018.261326	0.3530279452
1018.761326	0.352776706
1019.261326	0.3525255482
1019.761326	0.3522744718
1020.261326	0.3520234769
1020.761326	0.3517725637
1021.261326	0.3515217322
1021.761326	0.3512709825
1022.261326	0.3510203149
1022.761326	0.3507697293
1023.261326	0.350519226
1023.761326	0.3502688049
1024.261326	0.3500184663
1024.761326	0.3497682102
1025.261326	0.3495180368
1025.761326	0.3492679461
1026.261326	0.3490179382
1026.761326	0.3487680134
1027.261326	0.3485181716
1027.761326	0.348268413
1028.261326	0.3480187377
1028.761326	0.3477691459
1029.261326	0.3475196375
1029.761326	0.3472702128
1030.261326	0.3470208718
1030.761326	0.3467716147
1031.261326	0.3465224415
1031.761326	0.3462733524
1032.261326	0.3460243475
1032.761326	0.3457754269
1033.261326	0.3455265906
1033.761326	0.3452778388
1034.261326	0.3450291717
1034.761326	0.3447805892
1035.261326	0.3445320916
1035.761326	0.3442836789
1036.261326	0.3440353512
1036.761326	0.3437871087
1037.261326	0.3435389514
1037.761326	0.3432908795
1038.261326	0.343042893
1038.761326	0.3427949921
1039.261326	0.3425471769
1039.761326	0.3422994474
1040.261326	0.3420518038
1040.761326	0.3418042462
1041.261326	0.3415567747
1041.761326	0.3413093894
1042.261326	0.3410620903
1042.761326	0.3408148777
1043.261326	0.3405677516
1043.761326	0.3403207121
1044.261326	0.3400737593
1044.761326	0.3398268934
1045.261326	0.3395801144
1045.761326	0.3393334223
1046.261326	0.3390868175
1046.761326	0.3388402998
1047.261326	0.3385938695
1047.761326	0.3383475267
1048.261326	0.3381012713
1048.761326	0.3378551036
1049.261326	0.3376090237
1049.761326	0.3373630316
1050.261326	0.3371171275
1050.761326	0.3368713114
1051.261326	0.3366255835
1051.761326	0.3363799438
1052.261326	0.3361343925
1052.761326	0.3358889296
1053.261326	0.3356435553
1053.761326	0.3353982696
1054.261326	0.3351530727
1054.761326	0.3349079647
1055.261326	0.3346629456
1055.761326	0.3344180156
1056.261326	0.3341731747
1056.761326	0.3339284231
1057.261326	0.3336837609
1057.761326	0.3334391881
1058.261326	0.3331947048
1058.761326	0.3329503112
1059.261326	0.3327060074
1059.761326	0.3324617934
1060.261326	0.3322176693
1060.761326	0.3319736353
1061.261326	0.3317296915
1061.761326	0.3314858379
1062.261326	0.3312420746
1062.761326	0.3309984018
1063.261326	0.3307548194
1063.761326	0.3305113278
1064.261326	0.3302679268
1064.761326	0.3300246167
1065.261326	0.3297813975
1065.761326	0.3295382693
1066.261326	0.3292952322
1066.761326	0.3290522864
1067.261326	0.3288094318
1067.761326	0.3285666686
1068.261326	0.3283239969
1068.761326	0.3280814169
1069.261326	0.3278389285
1069.761326	0.3275965318
1070.261326	0.3273542271
1070.761326	0.3271120143
1071.261326	0.3268698936
1071.761326	0.326627865
1072.261326	0.3263859287
1072.761326	0.3261440847
1073.261326	0.3259023332
1073.761326	0.3256606742
1074.261326	0.3254191078
1074.761326	0.3251776342
1075.261326	0.3249362533
1075.761326	0.3246949654
1076.261326	0.3244537704
1076.761326	0.3242126685
1077.261326	0.3239716598
1077.761326	0.3237307444
1078.261326	0.3234899223
1078.761326	0.3232491937
1079.261326	0.3230085587
1079.761326	0.3227680172
1080.261326	0.3225275695
1080.761326	0.3222872156
1081.261326	0.3220469556
1081.761326	0.3218067897
1082.261326	0.3215667178
1082.761326	0.32132674
1083.261326	0.3210868566
1083.761326	0.3208470675
1084.261326	0.3206073728
1084.761326	0.3203677727
1085.261326	0.3201282672
1085.761326	0.3198888565
1086.261326	0.3196495405
1086.761326	0.3194103194
1087.261326	0.3191711933
1087.761326	0.3189321623
1088.261326	0.3186932264
1088.761326	0.3184543857
1089.261326	0.3182156404
1089.761326	0.3179769905
1090.261326	0.3177384362
1090.761326	0.3174999774
1091.261326	0.3172616142
1091.761326	0.3170233469
1092.261326	0.3167851754
1092.761326	0.3165470998
1093.261326	0.3163091203
1093.761326	0.3160712369
1094.261326	0.3158334496
1094.761326	0.3155957587
1095.261326	0.3153581641
1095.761326	0.315120666
1096.261326	0.3148832644
1096.761326	0.3146459594
1097.261326	0.3144087511
1097.761326	0.3141716397
1098.261326	0.3139346251
1098.761326	0.3136977074
1099.261326	0.3134608868
1099.761326	0.3132241633
1100.261326	0.3129875371
1100.761326	0.3127510081
1101.261326	0.3125145765
1101.761326	0.3122782424
1102.261326	0.3120420058
1102.761326	0.3118058668
1103.261326	0.3115698255
1103.761326	0.3113338821
1104.261326	0.3110980365
1104.761326	0.3108622888
1105.261326	0.3106266392
1105.761326	0.3103910877
1106.261326	0.3101556344
1106.761326	0.3099202793
1107.261326	0.3096850227
1107.761326	0.3094498644
1108.261326	0.3092148047
1108.761326	0.3089798436
1109.261326	0.3087449812
1109.761326	0.3085102175
1110.261326	0.3082755527
1110.761326	0.3080409868
1111.261326	0.3078065199
1111.761326	0.307572152
1112.261326	0.3073378834
1112.761326	0.3071037139
1113.261326	0.3068696438
1113.761326	0.3066356731
1114.261326	0.3064018018
1114.761326	0.3061680301
1115.261326	0.305934358
1115.761326	0.3057007856
1116.261326	0.305467313
1116.761326	0.3052339403
1117.261326	0.3050006675
1117.761326	0.3047674947
1118.261326	0.304534422
1118.761326	0.3043014495
1119.261326	0.3040685772
1119.761326	0.3038358052
1120.261326	0.3036031337
1120.761326	0.3033705626
1121.261326	0.303138092
1121.761326	0.3029057221
1122.261326	0.3026734529
1122.761326	0.3024412844
1123.261326	0.3022092168
1123.761326	0.3019772501
1124.261326	0.3017453844
1124.761326	0.3015136198
1125.261326	0.3012819563
1125.761326	0.3010503941
1126.261326	0.3008189331
1126.761326	0.3005875735
1127.261326	0.3003563154
1127.761326	0.3001251587
1128.261326	0.2998941037
1128.761326	0.2996631503
1129.261326	0.2994322986
1129.761326	0.2992015488
1130.261326	0.2989709008
1130.761326	0.2987403548
1131.261326	0.2985099107
1131.761326	0.2982795688
1132.261326	0.2980493291
1132.761326	0.2978191916
1133.261326	0.2975891563
1133.761326	0.2973592235
1134.261326	0.2971293931
1134.761326	0.2968996653
1135.261326	0.29667004
1135.761326	0.2964405174
1136.261326	0.2962110975
1136.761326	0.2959817804
1137.261326	0.2957525661
1137.761326	0.2955234549
1138.261326	0.2952944466
1138.761326	0.2950655414
1139.261326	0.2948367393
1139.761326	0.2946080405
1140.261326	0.2943794449
1140.761326	0.2941509527
1141.261326	0.2939225639
1141.761326	0.2936942786
1142.261326	0.2934660969
1142.761326	0.2932380188
1143.261326	0.2930100443
1143.761326	0.2927821737
1144.261326	0.2925544068
1144.761326	0.2923267439
1145.261326	0.2920991849
1145.761326	0.2918717299
1146.261326	0.291644379
1146.761326	0.2914171323
1147.261326	0.2911899898
1147.761326	0.2909629515
1148.261326	0.2907360177
1148.761326	0.2905091882
1149.261326	0.2902824633
1149.761326	0.2900558429
1150.261326	0.2898293271
1150.761326	0.289602916
1151.261326	0.2893766096
1151.761326	0.289150408
1152.261326	0.2889243113
1152.761326	0.2886983196
1153.261326	0.2884724328
1153.761326	0.2882466511
1154.261326	0.2880209745
1154.761326	0.2877954032
1155.261326	0.287569937
1155.761326	0.2873445762
1156.261326	0.2871193208
1156.761326	0.2868941708
1157.261326	0.2866691263
1157.761326	0.2864441873
1158.261326	0.286219354
1158.761326	0.2859946264
1159.261326	0.2857700045
1159.761326	0.2855454885
1160.261326	0.2853210783
1160.761326	0.285096774
1161.261326	0.2848725758
1161.761326	0.2846484836
1162.261326	0.2844244975
1162.761326	0.2842006175
1163.261326	0.2839768439
1163.761326	0.2837531765
1164.261326	0.2835296154
1164.761326	0.2833061608
1165.261326	0.2830828126
1165.761326	0.282859571
1166.261326	0.282636436
1166.761326	0.2824134076
1167.261326	0.2821904859
1167.761326	0.281967671
1168.261326	0.2817449629
1168.761326	0.2815223617
1169.261326	0.2812998674
1169.761326	0.2810774801
1170.261326	0.2808551999
1170.761326	0.2806330268
1171.261326	0.2804109608
1171.761326	0.2801890021
1172.261326	0.2799671507
1172.761326	0.2797454066
1173.261326	0.2795237699
1173.761326	0.2793022406
1174.261326	0.2790808189
1174.761326	0.2788595047
1175.261326	0.2786382981
1175.761326	0.2784171992
1176.261326	0.2781962081
1176.761326	0.2779753247
1177.261326	0.2777545491
1177.761326	0.2775338815
1178.261326	0.2773133218
1178.761326	0.27709287
1179.261326	0.2768725264
1179.761326	0.2766522909
1180.261326	0.2764321635
1180.761326	0.2762121443
1181.261326	0.2759922334
1181.761326	0.2757724308
1182.261326	0.2755527366
1182.761326	0.2753331509
1183.261326	0.2751136736
1183.761326	0.2748943048
1184.261326	0.2746750447
1184.761326	0.2744558931
1185.261326	0.2742368503
1185.761326	0.2740179162
1186.261326	0.2737990909
1186.761326	0.2735803744
1187.261326	0.2733617669
1187.761326	0.2731432682
1188.261326	0.2729248786
1188.761326	0.272706598
1189.261326	0.2724884265
1189.761326	0.2722703642
1190.261326	0.2720524111
1190.761326	0.2718345672
1191.261326	0.2716168326
1191.761326	0.2713992074
1192.261326	0.2711816915
1192.761326	0.2709642851
1193.261326	0.2707469882
1193.761326	0.2705298008
1194.261326	0.2703127231
1194.761326	0.2700957549
1195.261326	0.2698788965
1195.761326	0.2696621478
1196.261326	0.2694455089
1196.761326	0.2692289798
1197.261326	0.2690125606
1197.761326	0.2687962513
1198.261326	0.268580052
1198.761326	0.2683639627
1199.261326	0.2681479835
1199.761326	0.2679321144
1200.261326	0.2677163554
1200.761326	0.2675007067
1201.261326	0.2672851682
1201.761326	0.26706974
1202.261326	0.2668544222
1202.761326	0.2666392147
1203.261326	0.2664241177
1203.761326	0.2662091312
1204.261326	0.2659942551
1204.761326	0.2657794897
1205.261326	0.2655648349
1205.761326	0.2653502907
1206.261326	0.2651358572
1206.761326	0.2649215345
1207.261326	0.2647073226
1207.761326	0.2644932215
1208.261326	0.2642792313
1208.761326	0.264065352
1209.261326	0.2638515837
1209.761326	0.2636379264
1210.261326	0.2634243801
1210.761326	0.2632109449
1211.261326	0.2629976209
1211.761326	0.262784408
1212.261326	0.2625713064
1212.761326	0.262358316
1213.261326	0.2621454369
1213.761326	0.2619326692
1214.261326	0.2617200129
1214.761326	0.2615074679
1215.261326	0.2612950345
1215.761326	0.2610827126
1216.261326	0.2608705022
1216.761326	0.2606584034
1217.261326	0.2604464162
1217.761326	0.2602345407
1218.261326	0.260022777
1218.761326	0.2598111249
1219.261326	0.2595995847
1219.761326	0.2593881563
1220.261326	0.2591768398
1220.761326	0.2589656351
1221.261326	0.2587545425
1221.761326	0.2585435618
1222.261326	0.2583326931
1222.761326	0.2581219365
1223.261326	0.257911292
1223.761326	0.2577007596
1224.261326	0.2574903395
1224.761326	0.2572800315
1225.261326	0.2570698358
1225.761326	0.2568597523
1226.261326	0.2566497812
1226.761326	0.2564399225
1227.261326	0.2562301762
1227.761326	0.2560205423
1228.261326	0.2558110208
1228.761326	0.2556016119
1229.261326	0.2553923155
1229.761326	0.2551831318
1230.261326	0.2549740606
1230.761326	0.2547651021
1231.261326	0.2545562562
1231.761326	0.2543475231
1232.261326	0.2541389028
1232.761326	0.2539303952
1233.261326	0.2537220005
1233.761326	0.2535137186
1234.261326	0.2533055497
1234.761326	0.2530974936
1235.261326	0.2528895506
1235.761326	0.2526817205
1236.261326	0.2524740035
1236.761326	0.2522663995
1237.261326	0.2520589086
1237.761326	0.2518515309
1238.261326	0.2516442663
1238.761326	0.251437115
1239.261326	0.2512300768
1239.761326	0.2510231519
1240.261326	0.2508163404
1240.761326	0.2506096421
1241.261326	0.2504030572
1241.761326	0.2501965857
1242.261326	0.2499902276
1242.761326	0.249783983
1243.261326	0.2495778519
1243.761326	0.2493718342
1244.261326	0.2491659302
1244.761326	0.2489601397
1245.261326	0.2487544628
1245.761326	0.2485488995
1246.261326	0.24834345
1246.761326	0.2481381141
1247.261326	0.2479328919
1247.761326	0.2477277835
1248.261326	0.2475227889
1248.761326	0.2473179081
1249.261326	0.2471131412
1249.761326	0.2469084882
1250.261326	0.246703949
1250.761326	0.2464995238
1251.261326	0.2462952125
1251.761326	0.2460910152
1252.261326	0.245886932
1252.761326	0.2456829628
1253.261326	0.2454791077
1253.761326	0.2452753666
1254.261326	0.2450717397
1254.761326	0.244868227
1255.261326	0.2446648284
1255.761326	0.2444615441
1256.261326	0.244258374
1256.761326	0.2440553181
1257.261326	0.2438523766
1257.761326	0.2436495494
1258.261326	0.2434468365
1258.761326	0.2432442379
1259.261326	0.2430417538
1259.761326	0.2428393841
1260.261326	0.2426371289
1260.761326	0.2424349881
1261.261326	0.2422329618
1261.761326	0.24203105
1262.261326	0.2418292528
1262.761326	0.2416275701
1263.261326	0.2414260021
1263.761326	0.2412245486
1264.261326	0.2410232098
1264.761326	0.2408219857
1265.261326	0.2406208763
1265.761326	0.2404198816
1266.261326	0.2402190016
1266.761326	0.2400182364
1267.261326	0.2398175859
1267.761326	0.2396170503
1268.261326	0.2394166295
1268.761326	0.2392163236
1269.261326	0.2390161325
1269.761326	0.2388160564
1270.261326	0.2386160951
1270.761326	0.2384162488
1271.261326	0.2382165175
1271.761326	0.2380169011
1272.261326	0.2378173998
1272.761326	0.2376180135
1273.261326	0.2374187422
1273.761326	0.237219586
1274.261326	0.2370205449
1274.761326	0.236821619
1275.261326	0.2366228081
1275.761326	0.2364241124
1276.261326	0.2362255319
1276.761326	0.2360270665
1277.261326	0.2358287164
1277.761326	0.2356304815
1278.261326	0.2354323619
1278.761326	0.2352343575
1279.261326	0.2350364685
1279.761326	0.2348386947
1280.261326	0.2346410363
1280.761326	0.2344434932
1281.261326	0.2342460655
1281.761326	0.2340487531
1282.261326	0.2338515562
1282.761326	0.2336544747
1283.261326	0.2334575086
1283.761326	0.233260658
1284.261326	0.2330639229
1284.761326	0.2328673033
1285.261326	0.2326707991
1285.761326	0.2324744105
1286.261326	0.2322781375
1286.761326	0.2320819799
1287.261326	0.231885938
1287.761326	0.2316900117
1288.261326	0.231494201
1288.761326	0.2312985059
1289.261326	0.2311029264
1289.761326	0.2309074626
1290.261326	0.2307121145
1290.761326	0.230516882
1291.261326	0.2303217653
1291.761326	0.2301267643
1292.261326	0.229931879
1292.761326	0.2297371095
1293.261326	0.2295424557
1293.761326	0.2293479177
1294.261326	0.2291534955
1294.761326	0.2289591891
1295.261326	0.2287649986
1295.761326	0.2285709238
1296.261326	0.228376965
1296.761326	0.2281831219
1297.261326	0.2279893948
1297.761326	0.2277957835
1298.261326	0.2276022882
1298.761326	0.2274089088
1299.261326	0.2272156452
1299.761326	0.2270224977
1300.261326	0.2268294661
1300.761326	0.2266365504
1301.261326	0.2264437508
1301.761326	0.2262510671
1302.261326	0.2260584994
1302.761326	0.2258660477
1303.261326	0.2256737121
1303.761326	0.2254814925
1304.261326	0.225289389
1304.761326	0.2250974015
1305.261326	0.2249055301
1305.761326	0.2247137747
1306.261326	0.2245221355
1306.761326	0.2243306123
1307.261326	0.2241392053
1307.761326	0.2239479144
1308.261326	0.2237567396
1308.761326	0.223565681
1309.261326	0.2233747385
1309.761326	0.2231839122
1310.261326	0.2229932021
1310.761326	0.2228026081
1311.261326	0.2226121304
1311.761326	0.2224217688
1312.261326	0.2222315234
1312.761326	0.2220413943
1313.261326	0.2218513814
1313.761326	0.2216614847
1314.261326	0.2214717043
1314.761326	0.2212820401
1315.261326	0.2210924922
1315.761326	0.2209030605
1316.261326	0.2207137451
1316.761326	0.220524546
1317.261326	0.2203354632
1317.761326	0.2201464967
1318.261326	0.2199576464
1318.761326	0.2197689125
1319.261326	0.2195802949
1319.761326	0.2193917937
1320.261326	0.2192034087
1320.761326	0.2190151401
1321.261326	0.2188269879
1321.761326	0.218638952
1322.261326	0.2184510324
1322.761326	0.2182632292
1323.261326	0.2180755424
1323.761326	0.2178879719
1324.261326	0.2177005178
1324.761326	0.2175131801
1325.261326	0.2173259588
1325.761326	0.2171388539
1326.261326	0.2169518654
1326.761326	0.2167649932
1327.261326	0.2165782375
1327.761326	0.2163915982
1328.261326	0.2162050753
1328.761326	0.2160186688
1329.261326	0.2158323787
1329.761326	0.2156462051
1330.261326	0.2154601479
1330.761326	0.2152742071
1331.261326	0.2150883828
1331.761326	0.2149026749
1332.261326	0.2147170834
1332.761326	0.2145316084
1333.261326	0.2143462498
1333.761326	0.2141610077
1334.261326	0.213975882
1334.761326	0.2137908728
1335.261326	0.21360598
1335.761326	0.2134212037
1336.261326	0.2132365438
1336.761326	0.2130520004
1337.261326	0.2128675735
1337.761326	0.212683263
1338.261326	0.212499069
1338.761326	0.2123149915
1339.261326	0.2121310304
1339.761326	0.2119471858
1340.261326	0.2117634577
1340.761326	0.211579846
1341.261326	0.2113963508
1341.761326	0.2112129721
1342.261326	0.2110297098
1342.761326	0.2108465641
1343.261326	0.2106635347
1343.761326	0.2104806219
1344.261326	0.2102978255
1344.761326	0.2101151456
1345.261326	0.2099325821
1345.761326	0.2097501352
1346.261326	0.2095678046
1346.761326	0.2093855906
1347.261326	0.209203493
1347.761326	0.2090215119
1348.261326	0.2088396472
1348.761326	0.208657899
1349.261326	0.2084762672
1349.761326	0.2082947519
1350.261326	0.2081133531
1350.761326	0.2079320707
1351.261326	0.2077509047
1351.761326	0.2075698552
1352.261326	0.2073889221
1352.761326	0.2072081055
1353.261326	0.2070274053
1353.761326	0.2068468215
1354.261326	0.2066663542
1354.761326	0.2064860033
1355.261326	0.2063057688
1355.761326	0.2061256507
1356.261326	0.2059456491
1356.761326	0.2057657638
1357.261326	0.205585995
1357.761326	0.2054063426
1358.261326	0.2052268065
1358.761326	0.2050473869
1359.261326	0.2048680836
1359.761326	0.2046888968
1360.261326	0.2045098263
1360.761326	0.2043308722
1361.261326	0.2041520344
1361.761326	0.203973313
1362.261326	0.203794708
1362.761326	0.2036162194
1363.261326	0.203437847
1363.761326	0.2032595911
1364.261326	0.2030814514
1364.761326	0.2029034281
1365.261326	0.2027255211
1365.761326	0.2025477304
1366.261326	0.2023700561
1366.761326	0.202192498
1367.261326	0.2020150563
1367.761326	0.2018377308
1368.261326	0.2016605216
1368.761326	0.2014834287
1369.261326	0.201306452
1369.761326	0.2011295917
1370.261326	0.2009528475
1370.761326	0.2007762197
1371.261326	0.200599708
1371.761326	0.2004233126
1372.261326	0.2002470334
1372.761326	0.2000708704
1373.261326	0.1998948237
1373.761326	0.1997188931
1374.261326	0.1995430787
1374.761326	0.1993673805
1375.261326	0.1991917985
1375.761326	0.1990163326
1376.261326	0.1988409829
1376.761326	0.1986657493
1377.261326	0.1984906319
1377.761326	0.1983156306
1378.261326	0.1981407454
1378.761326	0.1979659763
1379.261326	0.1977913233
1379.761326	0.1976167864
1380.261326	0.1974423656
1380.761326	0.1972680608
1381.261326	0.1970938721
1381.761326	0.1969197994
1382.261326	0.1967458428
1382.761326	0.1965720022
1383.261326	0.1963982776
1383.761326	0.196224669
1384.261326	0.1960511764
1384.761326	0.1958777998
1385.261326	0.1957045391
1385.761326	0.1955313944
1386.261326	0.1953583657
1386.761326	0.1951854528
1387.261326	0.1950126559
1387.761326	0.1948399749
1388.261326	0.1946674098
1388.761326	0.1944949606
1389.261326	0.1943226273
1389.761326	0.1941504098
1390.261326	0.1939783082
1390.761326	0.1938063224
1391.261326	0.1936344524
1391.761326	0.1934626982
1392.261326	0.1932910599
1392.761326	0.1931195373
1393.261326	0.1929481305
1393.761326	0.1927768394
1394.261326	0.1926056641
1394.761326	0.1924346045
1395.261326	0.1922636606
1395.761326	0.1920928324
1396.261326	0.1919221199
1396.761326	0.1917515231
1397.261326	0.1915810419
1397.761326	0.1914106764
1398.261326	0.1912404265
1398.761326	0.1910702923
1399.261326	0.1909002736
1399.761326	0.1907303705
1400.261326	0.190560583
1400.761326	0.190390911
1401.261326	0.1902213546
1401.761326	0.1900519136
1402.261326	0.1898825882
1402.761326	0.1897133783
1403.261326	0.1895442839
1403.761326	0.1893753049
1404.261326	0.1892064414
1404.761326	0.1890376933
1405.261326	0.1888690606
1405.761326	0.1887005433
1406.261326	0.1885321414
1406.761326	0.1883638548
1407.261326	0.1881956836
1407.761326	0.1880276278
1408.261326	0.1878596872
1408.761326	0.1876918619
1409.261326	0.187524152
1409.761326	0.1873565572
1410.261326	0.1871890777
1410.761326	0.1870217135
1411.261326	0.1868544644
1411.761326	0.1866873306
1412.261326	0.1865203119
1412.761326	0.1863534083
1413.261326	0.1861866199
1413.761326	0.1860199467
1414.261326	0.1858533885
1414.761326	0.1856869454
1415.261326	0.1855206174
1415.761326	0.1853544044
1416.261326	0.1851883064
1416.761326	0.1850223234
1417.261326	0.1848564555
1417.761326	0.1846907025
1418.261326	0.1845250644
1418.761326	0.1843595413
1419.261326	0.1841941331
1419.761326	0.1840288398
1420.261326	0.1838636613
1420.761326	0.1836985977
1421.261326	0.183533649
1421.761326	0.183368815
1422.261326	0.1832040958
1422.761326	0.1830394915
1423.261326	0.1828750018
1423.761326	0.1827106269
1424.261326	0.1825463667
1424.761326	0.1823822212
1425.261326	0.1822181904
1425.761326	0.1820542742
1426.261326	0.1818904726
1426.761326	0.1817267856
1427.261326	0.1815632133
1427.761326	0.1813997554
1428.261326	0.1812364122
1428.761326	0.1810731834
1429.261326	0.1809100692
1429.761326	0.1807470694
1430.261326	0.1805841841
1430.761326	0.1804214132
1431.261326	0.1802587567
1431.761326	0.1800962146
1432.261326	0.1799337869
1432.761326	0.1797714735
1433.261326	0.1796092744
1433.761326	0.1794471897
1434.261326	0.1792852192
1434.761326	0.179123363
1435.261326	0.178961621
1435.761326	0.1787999932
1436.261326	0.1786384795
1436.761326	0.1784770801
1437.261326	0.1783157948
1437.761326	0.1781546236
1438.261326	0.1779935665
1438.761326	0.1778326234
1439.261326	0.1776717944
1439.761326	0.1775110795
1440.261326	0.1773504785
1440.761326	0.1771899915
1441.261326	0.1770296184
1441.761326	0.1768693592
1442.261326	0.176709214
1442.761326	0.1765491826
1443.261326	0.1763892651
1443.761326	0.1762294614
1444.261326	0.1760697715
1444.761326	0.1759101954
1445.261326	0.175750733
1445.761326	0.1755913843
1446.261326	0.1754321494
1446.761326	0.1752730281
1447.261326	0.1751140205
1447.761326	0.1749551264
1448.261326	0.174796346
1448.761326	0.1746376792
1449.261326	0.1744791259
1449.761326	0.1743206861